Point: 0.04
C= { 0.50666666 , -0.40683700 , -0.23713537 , -0.24886964};
Sm0={0.00577352 , -0.00000120 , -0.00000000 , -0.00000000};
Sp0={0.00577352 , -0.00000120 , -0.00000000 , 0.00000000};
Sz0={1.99333332 , 0.15677400 , -0.37122456 , -0.54677194};

J01mm={0.00250000 , 0.00061736 , -0.10086415 , -0.19736416};
J01mp={0.00250000 , -0.05878610 , -0.04207892 , -0.05604863};
J01mz={-0.00288675 , -0.06788160 , -0.08423918 , -0.10095172};
J01pm={0.00250000 , -0.05878610 , -0.04207892 , -0.05604863};
J01pp={0.00250000 , 0.00061736 , 0.01670610 , -0.03064747};
J01pz={-0.00288675 , -0.06788160 , -0.01636016 , -0.00136278};
J01zm={-0.00288675 , -0.06788160 , -0.08423918 , -0.10095172};
J01zp={-0.00288675 , -0.06788160 , -0.01636016 , -0.00136278};
J01zz={0.00333333 , -0.07838150 , -0.05935991 , -0.20978103};

J02mm={0.00000000 , 0.00000000 , 0.00013481 , -0.00846947};
J02mp={0.00000000 , 0.00000000 , 0.00013481 , -0.00870557};
J02mz={0.00000000 , 0.00000000 , 0.00000000 , 0.00000000};
J02pm={0.00000000 , 0.00000000 , 0.00013481 , -0.00870557};
J02pp={0.00000000 , 0.00000000 , 0.00013481 , -0.00894336};
J02pz={0.00000000 , 0.00000000 , 0.00000000 , 0.00000000};
J02zm={0.00000000 , 0.00000000 , 0.00000000 , 0.00000000};
J02zp={0.00000000 , 0.00000000 , 0.00000000 , 0.00000000};
J02zz={0.00000000 , 0.00000000 , 0.00016873 , 0.01202425};

J03mm={0.00250000 , -0.05878610 , -0.10086415 , -0.19736416};
J03mp={0.00250000 , -0.05878610 , -0.04207892 , -0.05604863};
J03mz={-0.00288675 , 0.06788040 , 0.08423918 , 0.10095172};
J03pm={0.00250000 , -0.05878610 , -0.04207892 , -0.05604863};
J03pp={0.00250000 , -0.05878610 , 0.01670610 , -0.03064747};
J03pz={-0.00288675 , 0.06788040 , 0.01636016 , 0.00136278};
J03zm={-0.00288675 , 0.06788040 , 0.08423918 , 0.10095172};
J03zp={-0.00288675 , 0.06788040 , 0.01636016 , 0.00136278};
J03zz={0.00333333 , -0.07838150 , -0.05935991 , -0.20978103};
