Point: 0.04
C= { 0.513333 , -0.813824 , -0.466046 , -0.590818};
Sm0={0.005774 , -0.000001 , -0.000000 , -0.000000};
Sp0={0.005774 , -0.000001 , -0.000000 , 0.000000};
Sz0={1.993333 , 0.156774 , -0.371225 , -0.546772};

J01zz={0.003333 , -0.078382 , -0.059360 , -0.209781};
J01pz={-0.002887 , -0.067882 , -0.016360 , -0.001363};
J01mz={-0.002887 , -0.067882 , -0.084239 , -0.100952};
J01zp={-0.002887 , -0.067882 , -0.016360 , -0.001363};
J01zm={-0.002887 , -0.067882 , -0.084239 , -0.100952};
J01pm={0.002500 , -0.058786 , -0.042079 , -0.056049};
J01mp={0.002500 , -0.058786 , -0.042079 , -0.056049};
J01pp={0.002500 , 0.000617 , 0.016706 , -0.030647};
J01mm={0.002500 , 0.000617 , -0.100864 , -0.197364};

J02zz={0.000000 , 0.000000 , 0.000169 , 0.012024};
J02mz={0.000000 , 0.000000 , 0.000000 , 0.000000};
J02pz={0.000000 , 0.000000 , 0.000000 , 0.000000};
J02zm={0.000000 , 0.000000 , 0.000000 , 0.000000};
J02zp={0.000000 , 0.000000 , 0.000000 , 0.000000};
J02pm={0.000000 , 0.000000 , 0.000135 , -0.008706};
J02mp={0.000000 , 0.000000 , 0.000135 , -0.008706};
J02pp={0.000000 , 0.000000 , 0.000135 , -0.008943};
J02mm={0.000000 , 0.000000 , 0.000135 , -0.008469};

J03zz={0.003333 , -0.078382 , -0.059360 , -0.209781};
J03pz={-0.002887 , 0.067880 , 0.016360 , 0.001363};
J03mz={-0.002887 , 0.067880 , 0.084239 , 0.100952};
J03zp={-0.002887 , 0.067880 , 0.016360 , 0.001363};
J03zm={-0.002887 , 0.067880 , 0.084239 , 0.100952};
J03pm={0.002500 , -0.058786 , -0.042079 , -0.056049};
J03mp={0.002500 , -0.058786 , -0.042079 , -0.056049};
J03pp={0.002500 , -0.058786 , 0.016706 , -0.030647};
J03mm={0.002500 , -0.058786 , -0.100864 , -0.197364};
